-	Atlanta	Austin	Baltimore	Boston	Chicago	Dallas	Denver	Honolulu	Houston	Indianapolis	Jacksonville	LasVegas
Atlanta	        0	1315.28	927.35	1505.11	944.40	1157.42	1945.42	7224.89	1126.72	687.11	458.63	2801.21
Austin	            0	2166.00	2724.01	1571.76	293.52	1240.77	6029.37	235.70	1489.43	1542.05	1741.71
Baltimore	            0	577.85	973.23	1947.28	2422.32	7792.75	2010.47	819.41	1096.09	3377.44
Boston	                    0	1366.63	2490.97	2838.62	8171.81	2578.59	1295.31	1635.65	3809.81
Chicago	                        0	1290.15	1474.26	6831.68	1510.62	263.13	1387.45	2443.78
Dallas	                            0	1064.41	6094.11	362.26	1227.71	1458.17	1718.42
Denver	                                0	5371.40	1412.40	1605.23	2356.14	972.84
Honolulu	                                0	6263.11	6976.62	7551.16	4435.43
Houston	                                        0	1391.77	1319.11	1971.57
Indianapolis	                                    0	1125.24	2558.04
Jacksonville	                                        0	3161.62
LasVegas	                                                0