	Anchorage	Atlanta	Austin	Baltimore	Boston	Chicago	Dallas	Denver	Honolulu	Houston	Indianapolis	Jacksonville	LasVegas	LosAngeles	Memphis	Miami	NewOrleans	NewYork	Newark	Oakland	Philadelphia	Phoenix	Portland	SanAntonio	SanDiego	SanFrancisco	SanJose	Seattle	Tampa	Tucson	WashingtonDC
Anchorage	0	5471.52	5091.57	5392.82	5416.45	4584.33	4904.83	3851.73	4477.41	5260.73	4842.61	5930.14	3690.71	3763.14	5043.17	6432.89	5518.05	5405.80	5395.22	3226.82	5411.40	4092.45	2475.54	5133.22	3941.20	3223.75	3287.92	2307.09	6108.57	4263.73	5405.01
Atlanta	        0	1315.28	927.35	1505.11	944.40	1157.42	1945.42	7224.89	1126.72	687.11	458.63	2801.21	3108.01	541.43	973.84	682.33	1199.53	1189.80	3421.08	1070.25	2554.73	3487.64	1417.45	3034.87	3434.28	3392.03	3503.07	670.37	2472.45	871.28
Austin	            0	2166.00	2724.01	1571.76	293.52	1240.77	6029.37	235.70	1489.43	1542.05	1741.71	1970.09	900.47	1790.08	737.71	2429.87	2417.66	2399.98	2308.05	1396.55	2746.72	118.35	1856.72	2411.91	2356.30	2845.71	1504.82	1270.22	2116.17
Baltimore	            0	577.85	973.23	1947.28	2422.32	7792.75	2010.47	819.41	1096.09	3377.44	3722.45	1273.23	1538.50	1606.55	272.44	262.47	3928.61	144.13	3216.98	3788.62	2278.29	3685.28	3941.99	3912.27	3744.10	1370.72	3171.66	57.16
Boston	                    0	1366.63	2490.97	2838.62	8171.81	2578.59	1295.31	1635.65	3809.81	4166.43	1824.47	2022.46	2184.18	305.61	315.41	4317.11	435.06	3690.84	4073.04	2838.36	4146.55	4330.34	4307.42	3997.08	1902.93	3662.03	633.85
Chicago	                        0	1290.15	1474.26	6831.68	1510.62	263.13	1387.45	2443.78	2799.80	773.11	1912.36	1339.51	1144.97	1130.76	2967.78	1068.58	2332.13	2820.86	1689.58	2781.99	2981.12	2954.45	2786.57	1614.77	2314.78	955.76
Dallas	                            0	1064.41	6094.11	362.26	1227.71	1458.17	1718.42	1990.08	675.22	1785.02	711.04	2204.02	2191.25	2368.28	2086.44	1422.04	2622.84	406.54	1899.38	2380.88	2330.39	2700.59	1474.58	1324.24	1900.46
Denver	                                0	5371.40	1412.40	1605.23	2356.14	972.84	1334.99	1410.62	2772.98	1736.66	2616.58	2602.38	1510.42	2532.09	941.98	1578.21	1289.91	1339.39	1523.82	1491.31	1639.91	2446.40	990.98	2394.54
Honolulu	                                0	6263.11	6976.62	7551.16	4435.43	4116.99	6689.59	7810.39	6764.61	7975.91	7961.72	3864.60	7898.63	4674.19	4173.02	5966.85	4195.13	3851.23	3880.53	4309.01	7534.16	4772.30	7765.83
Houston	                                        0	1391.77	1319.11	1971.57	2205.12	778.46	1554.44	509.98	2279.04	2267.44	2629.40	2154.07	1631.41	2949.23	304.77	2092.41	2641.46	2586.65	3038.45	1271.24	1505.92	1958.40
Indianapolis	                                    0	1125.24	2558.04	2903.98	617.23	1650.73	1147.11	1035.18	1021.26	3114.16	937.33	2406.02	3024.80	1607.52	2870.33	3127.56	3096.35	3003.50	1356.76	2369.70	789.58
Jacksonville	                                        0	3161.62	3446.86	949.07	526.34	809.89	1343.81	1338.19	3798.40	1220.00	2880.19	3917.34	1623.87	3357.30	3811.39	3765.26	3942.45	276.19	2779.06	1040.63
LasVegas	                                                0	367.91	2261.36	3501.47	2426.00	3581.70	3567.53	658.34	3492.64	412.11	1215.49	1722.69	426.63	670.21	615.22	1401.20	3193.00	585.23	3346.23
LosAngeles	                                                    0	2572.95	3755.25	2684.22	3932.80	3918.66	552.24	3840.70	573.88	1329.06	1932.34	179.55	558.68	491.80	1544.20	3456.96	710.34	3689.40
Memphis	                                                            0	1404.12	577.24	1532.91	1520.41	2879.65	1413.41	2026.32	2968.35	1016.10	2505.86	2892.85	2850.63	2996.73	1074.87	1953.72	1225.73
Miami	                                                                0	1075.47	1755.59	1752.89	4153.21	1643.08	3181.52	4349.46	1844.88	3646.45	4165.78	4114.81	4391.74	329.70	3060.10	1487.48
NewOrleans	                                                                0	1878.99	1868.82	3078.20	1750.18	2111.35	3312.42	814.55	2581.39	3090.73	3039.46	3374.73	773.20	1996.83	1551.13
NewYork	                                                                    0	14.21	4112.59	129.56	3441.10	3922.29	2543.19	3903.89	4125.91	4099.42	3862.54	1614.80	3403.71	328.25
Newark	                                                                            0	4098.38	120.94	3427.14	3908.54	2531.09	3889.84	4111.71	4085.21	3849.05	1609.65	3389.91	318.67
Oakland	                                                                                0	4034.07	1039.55	858.37	2380.38	731.19	13.40	61.37	1089.16	3841.40	1203.05	3902.52
Philadelphia	                                                                            0	3341.66	3868.81	2420.73	3807.47	4047.43	4019.29	3816.50	1492.42	3300.05	199.07
Phoenix	                                                                                        0	1617.60	1361.57	480.14	1050.03	988.37	1792.31	2884.38	173.33	3180.22
Portland	                                                                                        0	2763.90	1499.64	861.24	911.69	232.92	4021.79	1789.54	3775.08
SanAntonio	                                                                                            0	1810.90	2391.99	2334.59	2871.83	1570.35	1225.56	2227.98
SanDiego	                                                                                                0	737.34	670.49	1710.96	3354.48	586.52	3649.92
SanFrancisco	                                                                                                0	66.88	1092.43	3854.09	1213.09	3915.91
SanJose	                                                                                                        0	1141.37	3804.41	1150.08	3885.36
Seattle	                                                                                                                0	4062.49	1961.65	3734.16
Tampa	                                                                                                                    0	2769.57	1315.59
Tucson	                                                                                                                        0	3132.56
WashingtonDC	                                                                                                                    0